10000 24
20000 25
30000 116
40000 26
50000 85
60000 117
70000 57
80000 27
90000 108
100000 86
110000 64
120000 118
130000 50
140000 58
150000 39
160000 28
170000 44
180000 109
190000 98
200000 87
210000 57
220000 65
230000 92
240000 119
250000 100
260000 51
270000 46
280000 59
290000 51
300000 40
310000 113
320000 29
330000 64
340000 45
350000 110
360000 110
370000 42
380000 99
390000 69
400000 88
410000 58
420000 58
430000 88
440000 66
450000 104
460000 93
470000 74
480000 120
490000 63
500000 101
510000 44
520000 52
530000 109
540000 47
550000 90
560000 60
570000 55
580000 52
590000 41
600000 41
610000 60
620000 114
630000 76
640000 30
650000 122
660000 65
670000 65
680000 46
690000 30
700000 111
710000 46
720000 111
730000 46
740000 43
750000 76
760000 100
770000 73
780000 70
790000 127
800000 89
810000 46
820000 59
830000 70
840000 59
850000 59
860000 89
870000 97
880000 67
890000 105
900000 105
910000 48
920000 94
930000 113
940000 75
950000 59
960000 121
970000 102
980000 64
990000 64
1000000 102
